1001
1 2 2 3
2 2 4 5
3 2 6 7
4 2 8 9
5 2 10 11
6 2 12 13
7 2 14 15
8 2 16 17
9 2 18 19
10 2 20 21
11 2 22 23
12 2 24 25
13 2 26 27
14 2 28 29
15 2 30 31
16 2 32 33
17 2 34 35
18 2 36 37
19 2 38 39
20 2 40 41
21 2 42 43
22 2 44 45
23 2 46 47
24 2 48 49
25 2 50 51
26 2 52 53
27 2 54 55
28 2 56 57
29 2 58 59
30 2 60 61
31 2 62 63
32 2 64 65
33 2 66 67
34 2 68 69
35 2 70 71
36 2 72 73
37 2 74 75
38 2 76 77
39 2 78 79
40 2 80 81
41 2 82 83
42 2 84 85
43 2 86 87
44 2 88 89
45 2 90 91
46 2 92 93
47 2 94 95
48 2 96 97
49 2 98 99
50 2 100 101
51 2 102 103
52 2 104 105
53 2 106 107
54 2 108 109
55 2 110 111
56 2 112 113
57 2 114 115
58 2 116 117
59 2 118 119
60 2 120 121
61 2 122 123
62 2 124 125
63 2 126 127
64 2 128 129
65 2 130 131
66 2 132 133
67 2 134 135
68 2 136 137
69 2 138 139
70 2 140 141
71 2 142 143
72 2 144 145
73 2 146 147
74 2 148 149
75 2 150 151
76 2 152 153
77 2 154 155
78 2 156 157
79 2 158 159
80 2 160 161
81 2 162 163
82 2 164 165
83 2 166 167
84 2 168 169
85 2 170 171
86 2 172 173
87 2 174 175
88 2 176 177
89 2 178 179
90 2 180 181
91 2 182 183
92 2 184 185
93 2 186 187
94 2 188 189
95 2 190 191
96 2 192 193
97 2 194 195
98 2 196 197
99 2 198 199
100 2 200 201
101 2 202 203
102 2 204 205
103 2 206 207
104 2 208 209
105 2 210 211
106 2 212 213
107 2 214 215
108 2 216 217
109 2 218 219
110 2 220 221
111 2 222 223
112 2 224 225
113 2 226 227
114 2 228 229
115 2 230 231
116 2 232 233
117 2 234 235
118 2 236 237
119 2 238 239
120 2 240 241
121 2 242 243
122 2 244 245
123 2 246 247
124 2 248 249
125 2 250 251
126 2 252 253
127 2 254 255
128 2 256 257
129 2 258 259
130 2 260 261
131 2 262 263
132 2 264 265
133 2 266 267
134 2 268 269
135 2 270 271
136 2 272 273
137 2 274 275
138 2 276 277
139 2 278 279
140 2 280 281
141 2 282 283
142 2 284 285
143 2 286 287
144 2 288 289
145 2 290 291
146 2 292 293
147 2 294 295
148 2 296 297
149 2 298 299
150 2 300 301
151 2 302 303
152 2 304 305
153 2 306 307
154 2 308 309
155 2 310 311
156 2 312 313
157 2 314 315
158 2 316 317
159 2 318 319
160 2 320 321
161 2 322 323
162 2 324 325
163 2 326 327
164 2 328 329
165 2 330 331
166 2 332 333
167 2 334 335
168 2 336 337
169 2 338 339
170 2 340 341
171 2 342 343
172 2 344 345
173 2 346 347
174 2 348 349
175 2 350 351
176 2 352 353
177 2 354 355
178 2 356 357
179 2 358 359
180 2 360 361
181 2 362 363
182 2 364 365
183 2 366 367
184 2 368 369
185 2 370 371
186 2 372 373
187 2 374 375
188 2 376 377
189 2 378 379
190 2 380 381
191 2 382 383
192 2 384 385
193 2 386 387
194 2 388 389
195 2 390 391
196 2 392 393
197 2 394 395
198 2 396 397
199 2 398 399
200 2 400 401
201 2 402 403
202 2 404 405
203 2 406 407
204 2 408 409
205 2 410 411
206 2 412 413
207 2 414 415
208 2 416 417
209 2 418 419
210 2 420 421
211 2 422 423
212 2 424 425
213 2 426 427
214 2 428 429
215 2 430 431
216 2 432 433
217 2 434 435
218 2 436 437
219 2 438 439
220 2 440 441
221 2 442 443
222 2 444 445
223 2 446 447
224 2 448 449
225 2 450 451
226 2 452 453
227 2 454 455
228 2 456 457
229 2 458 459
230 2 460 461
231 2 462 463
232 2 464 465
233 2 466 467
234 2 468 469
235 2 470 471
236 2 472 473
237 2 474 475
238 2 476 477
239 2 478 479
240 2 480 481
241 2 482 483
242 2 484 485
243 2 486 487
244 2 488 489
245 2 490 491
246 2 492 493
247 2 494 495
248 2 496 497
249 2 498 499
250 2 500 501
251 2 502 503
252 2 504 505
253 2 506 507
254 2 508 509
255 2 510 511
256 2 512 513
257 2 514 515
258 2 516 517
259 2 518 519
260 2 520 521
261 2 522 523
262 2 524 525
263 2 526 527
264 2 528 529
265 2 530 531
266 2 532 533
267 2 534 535
268 2 536 537
269 2 538 539
270 2 540 541
271 2 542 543
272 2 544 545
273 2 546 547
274 2 548 549
275 2 550 551
276 2 552 553
277 2 554 555
278 2 556 557
279 2 558 559
280 2 560 561
281 2 562 563
282 2 564 565
283 2 566 567
284 2 568 569
285 2 570 571
286 2 572 573
287 2 574 575
288 2 576 577
289 2 578 579
290 2 580 581
291 2 582 583
292 2 584 585
293 2 586 587
294 2 588 589
295 2 590 591
296 2 592 593
297 2 594 595
298 2 596 597
299 2 598 599
300 2 600 601
301 2 602 603
302 2 604 605
303 2 606 607
304 2 608 609
305 2 610 611
306 2 612 613
307 2 614 615
308 2 616 617
309 2 618 619
310 2 620 621
311 2 622 623
312 2 624 625
313 2 626 627
314 2 628 629
315 2 630 631
316 2 632 633
317 2 634 635
318 2 636 637
319 2 638 639
320 2 640 641
321 2 642 643
322 2 644 645
323 2 646 647
324 2 648 649
325 2 650 651
326 2 652 653
327 2 654 655
328 2 656 657
329 2 658 659
330 2 660 661
331 2 662 663
332 2 664 665
333 2 666 667
334 2 668 669
335 2 670 671
336 2 672 673
337 2 674 675
338 2 676 677
339 2 678 679
340 2 680 681
341 2 682 683
342 2 684 685
343 2 686 687
344 2 688 689
345 2 690 691
346 2 692 693
347 2 694 695
348 2 696 697
349 2 698 699
350 2 700 701
351 2 702 703
352 2 704 705
353 2 706 707
354 2 708 709
355 2 710 711
356 2 712 713
357 2 714 715
358 2 716 717
359 2 718 719
360 2 720 721
361 2 722 723
362 2 724 725
363 2 726 727
364 2 728 729
365 2 730 731
366 2 732 733
367 2 734 735
368 2 736 737
369 2 738 739
370 2 740 741
371 2 742 743
372 2 744 745
373 2 746 747
374 2 748 749
375 2 750 751
376 2 752 753
377 2 754 755
378 2 756 757
379 2 758 759
380 2 760 761
381 2 762 763
382 2 764 765
383 2 766 767
384 2 768 769
385 2 770 771
386 2 772 773
387 2 774 775
388 2 776 777
389 2 778 779
390 2 780 781
391 2 782 783
392 2 784 785
393 2 786 787
394 2 788 789
395 2 790 791
396 2 792 793
397 2 794 795
398 2 796 797
399 2 798 799
400 2 800 801
401 2 802 803
402 2 804 805
403 2 806 807
404 2 808 809
405 2 810 811
406 2 812 813
407 2 814 815
408 2 816 817
409 2 818 819
410 2 820 821
411 2 822 823
412 2 824 825
413 2 826 827
414 2 828 829
415 2 830 831
416 2 832 833
417 2 834 835
418 2 836 837
419 2 838 839
420 2 840 841
421 2 842 843
422 2 844 845
423 2 846 847
424 2 848 849
425 2 850 851
426 2 852 853
427 2 854 855
428 2 856 857
429 2 858 859
430 2 860 861
431 2 862 863
432 2 864 865
433 2 866 867
434 2 868 869
435 2 870 871
436 2 872 873
437 2 874 875
438 2 876 877
439 2 878 879
440 2 880 881
441 2 882 883
442 2 884 885
443 2 886 887
444 2 888 889
445 2 890 891
446 2 892 893
447 2 894 895
448 2 896 897
449 2 898 899
450 2 900 901
451 2 902 903
452 2 904 905
453 2 906 907
454 2 908 909
455 2 910 911
456 2 912 913
457 2 914 915
458 2 916 917
459 2 918 919
460 2 920 921
461 2 922 923
462 2 924 925
463 2 926 927
464 2 928 929
465 2 930 931
466 2 932 933
467 2 934 935
468 2 936 937
469 2 938 939
470 2 940 941
471 2 942 943
472 2 944 945
473 2 946 947
474 2 948 949
475 2 950 951
476 2 952 953
477 2 954 955
478 2 956 957
479 2 958 959
480 2 960 961
481 2 962 963
482 2 964 965
483 2 966 967
484 2 968 969
485 2 970 971
486 2 972 973
487 2 974 975
488 2 976 977
489 2 978 979
490 2 980 981
491 2 982 983
492 2 984 985
493 2 986 987
494 2 988 989
495 2 990 991
496 2 992 993
497 2 994 995
498 2 996 997
499 2 998 999
500 2 1000 1001
501 2 1002 1003
502 2 1004 1005
503 2 1006 1007
504 2 1008 1009
505 2 1010 1011
506 2 1012 1013
507 2 1014 1015
508 2 1016 1017
509 2 1018 1019
510 2 1020 1021
511 2 1022 1023
512 2 1024 1025
513 2 1026 1027
514 2 1028 1029
515 2 1030 1031
516 2 1032 1033
517 2 1034 1035
518 2 1036 1037
519 2 1038 1039
520 2 1040 1041
521 2 1042 1043
522 2 1044 1045
523 2 1046 1047
524 2 1048 1049
525 2 1050 1051
526 2 1052 1053
527 2 1054 1055
528 2 1056 1057
529 2 1058 1059
530 2 1060 1061
531 2 1062 1063
532 2 1064 1065
533 2 1066 1067
534 2 1068 1069
535 2 1070 1071
536 2 1072 1073
537 2 1074 1075
538 2 1076 1077
539 2 1078 1079
540 2 1080 1081
541 2 1082 1083
542 2 1084 1085
543 2 1086 1087
544 2 1088 1089
545 2 1090 1091
546 2 1092 1093
547 2 1094 1095
548 2 1096 1097
549 2 1098 1099
550 2 1100 1101
551 2 1102 1103
552 2 1104 1105
553 2 1106 1107
554 2 1108 1109
555 2 1110 1111
556 2 1112 1113
557 2 1114 1115
558 2 1116 1117
559 2 1118 1119
560 2 1120 1121
561 2 1122 1123
562 2 1124 1125
563 2 1126 1127
564 2 1128 1129
565 2 1130 1131
566 2 1132 1133
567 2 1134 1135
568 2 1136 1137
569 2 1138 1139
570 2 1140 1141
571 2 1142 1143
572 2 1144 1145
573 2 1146 1147
574 2 1148 1149
575 2 1150 1151
576 2 1152 1153
577 2 1154 1155
578 2 1156 1157
579 2 1158 1159
580 2 1160 1161
581 2 1162 1163
582 2 1164 1165
583 2 1166 1167
584 2 1168 1169
585 2 1170 1171
586 2 1172 1173
587 2 1174 1175
588 2 1176 1177
589 2 1178 1179
590 2 1180 1181
591 2 1182 1183
592 2 1184 1185
593 2 1186 1187
594 2 1188 1189
595 2 1190 1191
596 2 1192 1193
597 2 1194 1195
598 2 1196 1197
599 2 1198 1199
600 2 1200 1201
601 2 1202 1203
602 2 1204 1205
603 2 1206 1207
604 2 1208 1209
605 2 1210 1211
606 2 1212 1213
607 2 1214 1215
608 2 1216 1217
609 2 1218 1219
610 2 1220 1221
611 2 1222 1223
612 2 1224 1225
613 2 1226 1227
614 2 1228 1229
615 2 1230 1231
616 2 1232 1233
617 2 1234 1235
618 2 1236 1237
619 2 1238 1239
620 2 1240 1241
621 2 1242 1243
622 2 1244 1245
623 2 1246 1247
624 2 1248 1249
625 2 1250 1251
626 2 1252 1253
627 2 1254 1255
628 2 1256 1257
629 2 1258 1259
630 2 1260 1261
631 2 1262 1263
632 2 1264 1265
633 2 1266 1267
634 2 1268 1269
635 2 1270 1271
636 2 1272 1273
637 2 1274 1275
638 2 1276 1277
639 2 1278 1279
640 2 1280 1281
641 2 1282 1283
642 2 1284 1285
643 2 1286 1287
644 2 1288 1289
645 2 1290 1291
646 2 1292 1293
647 2 1294 1295
648 2 1296 1297
649 2 1298 1299
650 2 1300 1301
651 2 1302 1303
652 2 1304 1305
653 2 1306 1307
654 2 1308 1309
655 2 1310 1311
656 2 1312 1313
657 2 1314 1315
658 2 1316 1317
659 2 1318 1319
660 2 1320 1321
661 2 1322 1323
662 2 1324 1325
663 2 1326 1327
664 2 1328 1329
665 2 1330 1331
666 2 1332 1333
667 2 1334 1335
668 2 1336 1337
669 2 1338 1339
670 2 1340 1341
671 2 1342 1343
672 2 1344 1345
673 2 1346 1347
674 2 1348 1349
675 2 1350 1351
676 2 1352 1353
677 2 1354 1355
678 2 1356 1357
679 2 1358 1359
680 2 1360 1361
681 2 1362 1363
682 2 1364 1365
683 2 1366 1367
684 2 1368 1369
685 2 1370 1371
686 2 1372 1373
687 2 1374 1375
688 2 1376 1377
689 2 1378 1379
690 2 1380 1381
691 2 1382 1383
692 2 1384 1385
693 2 1386 1387
694 2 1388 1389
695 2 1390 1391
696 2 1392 1393
697 2 1394 1395
698 2 1396 1397
699 2 1398 1399
700 2 1400 1401
701 2 1402 1403
702 2 1404 1405
703 2 1406 1407
704 2 1408 1409
705 2 1410 1411
706 2 1412 1413
707 2 1414 1415
708 2 1416 1417
709 2 1418 1419
710 2 1420 1421
711 2 1422 1423
712 2 1424 1425
713 2 1426 1427
714 2 1428 1429
715 2 1430 1431
716 2 1432 1433
717 2 1434 1435
718 2 1436 1437
719 2 1438 1439
720 2 1440 1441
721 2 1442 1443
722 2 1444 1445
723 2 1446 1447
724 2 1448 1449
725 2 1450 1451
726 2 1452 1453
727 2 1454 1455
728 2 1456 1457
729 2 1458 1459
730 2 1460 1461
731 2 1462 1463
732 2 1464 1465
733 2 1466 1467
734 2 1468 1469
735 2 1470 1471
736 2 1472 1473
737 2 1474 1475
738 2 1476 1477
739 2 1478 1479
740 2 1480 1481
741 2 1482 1483
742 2 1484 1485
743 2 1486 1487
744 2 1488 1489
745 2 1490 1491
746 2 1492 1493
747 2 1494 1495
748 2 1496 1497
749 2 1498 1499
750 2 1500 1501
751 2 1502 1503  
752 2 1504 1505  
753 2 1506 1507  
754 2 1508 1509  
755 2 1510 1511  
756 2 1512 1513  
757 2 1514 1515  
758 2 1516 1517  
759 2 1518 1519  
760 2 1520 1521  
761 2 1522 1523  
762 2 1524 1525  
763 2 1526 1527  
764 2 1528 1529  
765 2 1530 1531  
766 2 1532 1533  
767 2 1534 1535  
768 2 1536 1537  
769 2 1538 1539  
770 2 1540 1541  
771 2 1542 1543  
772 2 1544 1545  
773 2 1546 1547  
774 2 1548 1549  
775 2 1550 1551  
776 2 1552 1553  
777 2 1554 1555  
778 2 1556 1557  
779 2 1558 1559  
780 2 1560 1561  
781 2 1562 1563  
782 2 1564 1565  
783 2 1566 1567  
784 2 1568 1569  
785 2 1570 1571  
786 2 1572 1573  
787 2 1574 1575  
788 2 1576 1577  
789 2 1578 1579  
790 2 1580 1581  
791 2 1582 1583  
792 2 1584 1585  
793 2 1586 1587  
794 2 1588 1589  
795 2 1590 1591  
796 2 1592 1593  
797 2 1594 1595  
798 2 1596 1597  
799 2 1598 1599  
800 2 1600 1601  
801 2 1602 1603  
802 2 1604 1605  
803 2 1606 1607  
804 2 1608 1609  
805 2 1610 1611  
806 2 1612 1613  
807 2 1614 1615  
808 2 1616 1617  
809 2 1618 1619  
810 2 1620 1621  
811 2 1622 1623  
812 2 1624 1625  
813 2 1626 1627  
814 2 1628 1629  
815 2 1630 1631  
816 2 1632 1633  
817 2 1634 1635  
818 2 1636 1637  
819 2 1638 1639  
820 2 1640 1641  
821 2 1642 1643  
822 2 1644 1645  
823 2 1646 1647  
824 2 1648 1649  
825 2 1650 1651  
826 2 1652 1653  
827 2 1654 1655  
828 2 1656 1657  
829 2 1658 1659  
830 2 1660 1661  
831 2 1662 1663  
832 2 1664 1665  
833 2 1666 1667  
834 2 1668 1669  
835 2 1670 1671  
836 2 1672 1673  
837 2 1674 1675  
838 2 1676 1677  
839 2 1678 1679  
840 2 1680 1681  
841 2 1682 1683  
842 2 1684 1685  
843 2 1686 1687  
844 2 1688 1689  
845 2 1690 1691  
846 2 1692 1693  
847 2 1694 1695  
848 2 1696 1697  
849 2 1698 1699  
850 2 1700 1701  
851 2 1702 1703  
852 2 1704 1705  
853 2 1706 1707  
854 2 1708 1709  
855 2 1710 1711  
856 2 1712 1713  
857 2 1714 1715  
858 2 1716 1717  
859 2 1718 1719  
860 2 1720 1721  
861 2 1722 1723  
862 2 1724 1725  
863 2 1726 1727  
864 2 1728 1729  
865 2 1730 1731  
866 2 1732 1733  
867 2 1734 1735  
868 2 1736 1737  
869 2 1738 1739  
870 2 1740 1741  
871 2 1742 1743  
872 2 1744 1745  
873 2 1746 1747  
874 2 1748 1749  
875 2 1750 1751  
876 2 1752 1753  
877 2 1754 1755  
878 2 1756 1757  
879 2 1758 1759  
880 2 1760 1761  
881 2 1762 1763  
882 2 1764 1765  
883 2 1766 1767  
884 2 1768 1769  
885 2 1770 1771  
886 2 1772 1773  
887 2 1774 1775  
888 2 1776 1777  
889 2 1778 1779  
890 2 1780 1781  
891 2 1782 1783  
892 2 1784 1785  
893 2 1786 1787  
894 2 1788 1789  
895 2 1790 1791  
896 2 1792 1793  
897 2 1794 1795  
898 2 1796 1797  
899 2 1798 1799  
900 2 1800 1801  
901 2 1802 1803  
902 2 1804 1805  
903 2 1806 1807  
904 2 1808 1809  
905 2 1810 1811  
906 2 1812 1813  
907 2 1814 1815  
908 2 1816 1817  
909 2 1818 1819  
910 2 1820 1821  
911 2 1822 1823  
912 2 1824 1825  
913 2 1826 1827  
914 2 1828 1829  
915 2 1830 1831  
916 2 1832 1833  
917 2 1834 1835  
918 2 1836 1837  
919 2 1838 1839  
920 2 1840 1841  
921 2 1842 1843  
922 2 1844 1845  
923 2 1846 1847  
924 2 1848 1849  
925 2 1850 1851  
926 2 1852 1853  
927 2 1854 1855  
928 2 1856 1857  
929 2 1858 1859  
930 2 1860 1861  
931 2 1862 1863  
932 2 1864 1865  
933 2 1866 1867  
934 2 1868 1869  
935 2 1870 1871  
936 2 1872 1873  
937 2 1874 1875  
938 2 1876 1877  
939 2 1878 1879  
940 2 1880 1881  
941 2 1882 1883  
942 2 1884 1885  
943 2 1886 1887  
944 2 1888 1889  
945 2 1890 1891  
946 2 1892 1893  
947 2 1894 1895  
948 2 1896 1897  
949 2 1898 1899  
950 2 1900 1901  
951 2 1902 1903  
952 2 1904 1905  
953 2 1906 1907  
954 2 1908 1909  
955 2 1910 1911  
956 2 1912 1913  
957 2 1914 1915  
958 2 1916 1917  
959 2 1918 1919  
960 2 1920 1921  
961 2 1922 1923  
962 2 1924 1925  
963 2 1926 1927  
964 2 1928 1929  
965 2 1930 1931  
966 2 1932 1933  
967 2 1934 1935  
968 2 1936 1937  
969 2 1938 1939  
970 2 1940 1941  
971 2 1942 1943  
972 2 1944 1945  
973 2 1946 1947  
974 2 1948 1949  
975 2 1950 1951  
976 2 1952 1953  
977 2 1954 1955  
978 2 1956 1957  
979 2 1958 1959  
980 2 1960 1961  
981 2 1962 1963  
982 2 1964 1965  
983 2 1966 1967  
984 2 1968 1969  
985 2 1970 1971  
986 2 1972 1973  
987 2 1974 1975  
988 2 1976 1977  
989 2 1978 1979  
990 2 1980 1981  
991 2 1982 1983  
992 2 1984 1985  
993 2 1986 1987  
994 2 1988 1989  
995 2 1990 1991  
996 2 1992 1993  
997 2 1994 1995  
998 2 1996 1997  
999 2 1998 1999  
1000 2 2000 2001
1001 2 2002 2003
1002 2 2004 2005
1003 2 2006 2007
1004 2 2008 2009
1005 2 2010 2011
1006 2 2012 2013
1007 2 2014 2015
1008 2 2016 2017
1009 2 2018 2019
1010 2 2020 2021
1011 2 2022 2023
1012 2 2024 2025
1013 2 2026 2027
1014 2 2028 2029
1015 2 2030 2031
1016 2 2032 2033
1017 2 2034 2035
1018 2 2036 2037
1019 2 2038 2039
1020 2 2040 2041
1021 2 2042 2043
1022 2 2044 2045
1023 2 2046 2047
1024 2 2048 2049
1025 2 2050 2051
1026 2 2052 2053
1027 2 2054 2055
1028 2 2056 2057
1029 2 2058 2059
1030 2 2060 2061
1031 2 2062 2063
1032 2 2064 2065
1033 2 2066 2067
1034 2 2068 2069
1035 2 2070 2071
1036 2 2072 2073
1037 2 2074 2075
1038 2 2076 2077
1039 2 2078 2079
1040 2 2080 2081
1041 2 2082 2083
1042 2 2084 2085
1043 2 2086 2087
1044 2 2088 2089
1045 2 2090 2091
1046 2 2092 2093
1047 2 2094 2095
1048 2 2096 2097
1049 2 2098 2099
1050 2 2100 2101
1051 2 2102 2103
1052 2 2104 2105
1053 2 2106 2107
1054 2 2108 2109
1055 2 2110 2111
1056 2 2112 2113
1057 2 2114 2115
1058 2 2116 2117
1059 2 2118 2119
1060 2 2120 2121
1061 2 2122 2123
1062 2 2124 2125
1063 2 2126 2127
1064 2 2128 2129
1065 2 2130 2131
1066 2 2132 2133
1067 2 2134 2135
1068 2 2136 2137
1069 2 2138 2139
1070 2 2140 2141
1071 2 2142 2143
1072 2 2144 2145
1073 2 2146 2147
1074 2 2148 2149
1075 2 2150 2151
1076 2 2152 2153
1077 2 2154 2155
1078 2 2156 2157
1079 2 2158 2159
1080 2 2160 2161
1081 2 2162 2163
1082 2 2164 2165
1083 2 2166 2167
1084 2 2168 2169
1085 2 2170 2171
1086 2 2172 2173
1087 2 2174 2175
1088 2 2176 2177
1089 2 2178 2179
1090 2 2180 2181
1091 2 2182 2183
1092 2 2184 2185
1093 2 2186 2187
1094 2 2188 2189
1095 2 2190 2191
1096 2 2192 2193
1097 2 2194 2195
1098 2 2196 2197
1099 2 2198 2199
1100 2 2200 2201
1101 2 2202 2203
1102 2 2204 2205
1103 2 2206 2207
1104 2 2208 2209
1105 2 2210 2211
1106 2 2212 2213
1107 2 2214 2215
1108 2 2216 2217
1109 2 2218 2219
1110 2 2220 2221
1111 2 2222 2223
1112 2 2224 2225
1113 2 2226 2227
1114 2 2228 2229
1115 2 2230 2231
1116 2 2232 2233
1117 2 2234 2235
1118 2 2236 2237
1119 2 2238 2239
1120 2 2240 2241
1121 2 2242 2243
1122 2 2244 2245
1123 2 2246 2247
1124 2 2248 2249
1125 2 2250 2251
1126 2 2252 2253
1127 2 2254 2255
1128 2 2256 2257
1129 2 2258 2259
1130 2 2260 2261
1131 2 2262 2263
1132 2 2264 2265
1133 2 2266 2267
1134 2 2268 2269
1135 2 2270 2271
1136 2 2272 2273
1137 2 2274 2275
1138 2 2276 2277
1139 2 2278 2279
1140 2 2280 2281
1141 2 2282 2283
1142 2 2284 2285
1143 2 2286 2287
1144 2 2288 2289
1145 2 2290 2291
1146 2 2292 2293
1147 2 2294 2295
1148 2 2296 2297
1149 2 2298 2299
1150 2 2300 2301
1151 2 2302 2303
1152 2 2304 2305
1153 2 2306 2307
1154 2 2308 2309
1155 2 2310 2311
1156 2 2312 2313
1157 2 2314 2315
1158 2 2316 2317
1159 2 2318 2319
1160 2 2320 2321
1161 2 2322 2323
1162 2 2324 2325
1163 2 2326 2327
1164 2 2328 2329
1165 2 2330 2331
1166 2 2332 2333
1167 2 2334 2335
1168 2 2336 2337
1169 2 2338 2339
1170 2 2340 2341
1171 2 2342 2343
1172 2 2344 2345
1173 2 2346 2347
1174 2 2348 2349
1175 2 2350 2351
1176 2 2352 2353
1177 2 2354 2355
1178 2 2356 2357
1179 2 2358 2359
1180 2 2360 2361
1181 2 2362 2363
1182 2 2364 2365
1183 2 2366 2367
1184 2 2368 2369
1185 2 2370 2371
1186 2 2372 2373
1187 2 2374 2375
1188 2 2376 2377
1189 2 2378 2379
1190 2 2380 2381
1191 2 2382 2383
1192 2 2384 2385
1193 2 2386 2387
1194 2 2388 2389
1195 2 2390 2391
1196 2 2392 2393
1197 2 2394 2395
1198 2 2396 2397
1199 2 2398 2399
1200 2 2400 2401
1201 2 2402 2403
1202 2 2404 2405
1203 2 2406 2407
1204 2 2408 2409
1205 2 2410 2411
1206 2 2412 2413
1207 2 2414 2415
1208 2 2416 2417
1209 2 2418 2419
1210 2 2420 2421
1211 2 2422 2423
1212 2 2424 2425
1213 2 2426 2427
1214 2 2428 2429
1215 2 2430 2431
1216 2 2432 2433
1217 2 2434 2435
1218 2 2436 2437
1219 2 2438 2439
1220 2 2440 2441
1221 2 2442 2443
1222 2 2444 2445
1223 2 2446 2447
1224 2 2448 2449
1225 2 2450 2451
1226 2 2452 2453
1227 2 2454 2455
1228 2 2456 2457
1229 2 2458 2459
1230 2 2460 2461
1231 2 2462 2463
1232 2 2464 2465
1233 2 2466 2467
1234 2 2468 2469
1235 2 2470 2471
1236 2 2472 2473
1237 2 2474 2475
1238 2 2476 2477
1239 2 2478 2479
1240 2 2480 2481
1241 2 2482 2483
1242 2 2484 2485
1243 2 2486 2487
1244 2 2488 2489
1245 2 2490 2491
1246 2 2492 2493
1247 2 2494 2495
1248 2 2496 2497
1249 2 2498 2499
1250 2 2500 2501
1251 2 2502 2503
1252 2 2504 2505
1253 2 2506 2507
1254 2 2508 2509
1255 2 2510 2511
1256 2 2512 2513
1257 2 2514 2515
1258 2 2516 2517
1259 2 2518 2519
1260 2 2520 2521
1261 2 2522 2523
1262 2 2524 2525
1263 2 2526 2527
1264 2 2528 2529
1265 2 2530 2531
1266 2 2532 2533
1267 2 2534 2535
1268 2 2536 2537
1269 2 2538 2539
1270 2 2540 2541
1271 2 2542 2543
1272 2 2544 2545
1273 2 2546 2547
1274 2 2548 2549
1275 2 2550 2551
1276 2 2552 2553
1277 2 2554 2555
1278 2 2556 2557
1279 2 2558 2559
1280 2 2560 2561
1281 2 2562 2563
1282 2 2564 2565
1283 2 2566 2567
1284 2 2568 2569
1285 2 2570 2571
1286 2 2572 2573
1287 2 2574 2575
1288 2 2576 2577
1289 2 2578 2579
1290 2 2580 2581
1291 2 2582 2583
1292 2 2584 2585
1293 2 2586 2587
1294 2 2588 2589
1295 2 2590 2591
1296 2 2592 2593
1297 2 2594 2595
1298 2 2596 2597
1299 2 2598 2599
1300 2 2600 2601
1301 2 2602 2603
1302 2 2604 2605
1303 2 2606 2607
1304 2 2608 2609
1305 2 2610 2611
1306 2 2612 2613
1307 2 2614 2615
1308 2 2616 2617
1309 2 2618 2619
1310 2 2620 2621
1311 2 2622 2623
1312 2 2624 2625
1313 2 2626 2627
1314 2 2628 2629
1315 2 2630 2631
1316 2 2632 2633
1317 2 2634 2635
1318 2 2636 2637
1319 2 2638 2639
1320 2 2640 2641
1321 2 2642 2643
1322 2 2644 2645
1323 2 2646 2647
1324 2 2648 2649
1325 2 2650 2651
1326 2 2652 2653
1327 2 2654 2655
1328 2 2656 2657
1329 2 2658 2659
1330 2 2660 2661
1331 2 2662 2663
1332 2 2664 2665
1333 2 2666 2667
1334 2 2668 2669
1335 2 2670 2671
1336 2 2672 2673
1337 2 2674 2675
1338 2 2676 2677
1339 2 2678 2679
1340 2 2680 2681
1341 2 2682 2683
1342 2 2684 2685
1343 2 2686 2687
1344 2 2688 2689
1345 2 2690 2691
1346 2 2692 2693
1347 2 2694 2695
1348 2 2696 2697
1349 2 2698 2699
1350 2 2700 2701
1351 2 2702 2703
1352 2 2704 2705
1353 2 2706 2707
1354 2 2708 2709
1355 2 2710 2711
1356 2 2712 2713
1357 2 2714 2715
1358 2 2716 2717
1359 2 2718 2719
1360 2 2720 2721
1361 2 2722 2723
1362 2 2724 2725
1363 2 2726 2727
1364 2 2728 2729
1365 2 2730 2731
1366 2 2732 2733
1367 2 2734 2735
1368 2 2736 2737
1369 2 2738 2739
1370 2 2740 2741
1371 2 2742 2743
1372 2 2744 2745
1373 2 2746 2747
1374 2 2748 2749
1375 2 2750 2751
1376 2 2752 2753
1377 2 2754 2755
1378 2 2756 2757
1379 2 2758 2759
1380 2 2760 2761
1381 2 2762 2763
1382 2 2764 2765
1383 2 2766 2767
1384 2 2768 2769
1385 2 2770 2771
1386 2 2772 2773
1387 2 2774 2775
1388 2 2776 2777
1389 2 2778 2779
1390 2 2780 2781
1391 2 2782 2783
1392 2 2784 2785
1393 2 2786 2787
1394 2 2788 2789
1395 2 2790 2791
1396 2 2792 2793
1397 2 2794 2795
1398 2 2796 2797
1399 2 2798 2799
1400 2 2800 2801
1401 2 2802 2803
1402 2 2804 2805
1403 2 2806 2807
1404 2 2808 2809
1405 2 2810 2811
1406 2 2812 2813
1407 2 2814 2815
1408 2 2816 2817
1409 2 2818 2819
1410 2 2820 2821
1411 2 2822 2823
1412 2 2824 2825
1413 2 2826 2827
1414 2 2828 2829
1415 2 2830 2831
1416 2 2832 2833
1417 2 2834 2835
1418 2 2836 2837
1419 2 2838 2839
1420 2 2840 2841
1421 2 2842 2843
1422 2 2844 2845
1423 2 2846 2847
1424 2 2848 2849
1425 2 2850 2851
1426 2 2852 2853
1427 2 2854 2855
1428 2 2856 2857
1429 2 2858 2859
1430 2 2860 2861
1431 2 2862 2863
1432 2 2864 2865
1433 2 2866 2867
1434 2 2868 2869
1435 2 2870 2871
1436 2 2872 2873
1437 2 2874 2875
1438 2 2876 2877
1439 2 2878 2879
1440 2 2880 2881
1441 2 2882 2883
1442 2 2884 2885
1443 2 2886 2887
1444 2 2888 2889
1445 2 2890 2891
1446 2 2892 2893
1447 2 2894 2895
1448 2 2896 2897
1449 2 2898 2899
1450 2 2900 2901
1451 2 2902 2903
1452 2 2904 2905
1453 2 2906 2907
1454 2 2908 2909
1455 2 2910 2911
1456 2 2912 2913
1457 2 2914 2915
1458 2 2916 2917
1459 2 2918 2919
1460 2 2920 2921
1461 2 2922 2923
1462 2 2924 2925
1463 2 2926 2927
1464 2 2928 2929
1465 2 2930 2931
1466 2 2932 2933
1467 2 2934 2935
1468 2 2936 2937
1469 2 2938 2939
1470 2 2940 2941
1471 2 2942 2943
1472 2 2944 2945
1473 2 2946 2947
1474 2 2948 2949
1475 2 2950 2951
1476 2 2952 2953
1477 2 2954 2955
1478 2 2956 2957
1479 2 2958 2959
1480 2 2960 2961
1481 2 2962 2963
1482 2 2964 2965
1483 2 2966 2967
1484 2 2968 2969
1485 2 2970 2971
1486 2 2972 2973
1487 2 2974 2975
1488 2 2976 2977
1489 2 2978 2979
1490 2 2980 2981
1491 2 2982 2983
1492 2 2984 2985
1493 2 2986 2987
1494 2 2988 2989
1495 2 2990 2991
1496 2 2992 2993
1497 2 2994 2995
1498 2 2996 2997
1499 2 2998 2999
1500 2 3000 3001
1501 2 3002 3003
1502 2 3004 3005
1503 2 3006 3007
1504 2 3008 3009
1505 2 3010 3011
1506 2 3012 3013
1507 2 3014 3015
1508 2 3016 3017
1509 2 3018 3019
1510 2 3020 3021
1511 2 3022 3023
1512 2 3024 3025
1513 2 3026 3027
1514 2 3028 3029
1515 2 3030 3031
1516 2 3032 3033
1517 2 3034 3035
1518 2 3036 3037
1519 2 3038 3039
1520 2 3040 3041
1521 2 3042 3043
1522 2 3044 3045
1523 2 3046 3047
1524 2 3048 3049
1525 2 3050 3051
1526 2 3052 3053
1527 2 3054 3055
1528 2 3056 3057
1529 2 3058 3059
1530 2 3060 3061
1531 2 3062 3063
1532 2 3064 3065
1533 2 3066 3067
1534 2 3068 3069
1535 2 3070 3071
1536 2 3072 3073
1537 2 3074 3075
1538 2 3076 3077
1539 2 3078 3079
1540 2 3080 3081
1541 2 3082 3083
1542 2 3084 3085
1543 2 3086 3087
1544 2 3088 3089
1545 2 3090 3091
1546 2 3092 3093
1547 2 3094 3095
1548 2 3096 3097
1549 2 3098 3099
1550 2 3100 3101
1551 2 3102 3103
1552 2 3104 3105
1553 2 3106 3107
1554 2 3108 3109
1555 2 3110 3111
1556 2 3112 3113
1557 2 3114 3115
1558 2 3116 3117
1559 2 3118 3119
1560 2 3120 3121
1561 2 3122 3123
1562 2 3124 3125
1563 2 3126 3127
1564 2 3128 3129
1565 2 3130 3131
1566 2 3132 3133
1567 2 3134 3135
1568 2 3136 3137
1569 2 3138 3139
1570 2 3140 3141
1571 2 3142 3143
1572 2 3144 3145
1573 2 3146 3147
1574 2 3148 3149
1575 2 3150 3151
1576 2 3152 3153
1577 2 3154 3155
1578 2 3156 3157
1579 2 3158 3159
1580 2 3160 3161
1581 2 3162 3163
1582 2 3164 3165
1583 2 3166 3167
1584 2 3168 3169
1585 2 3170 3171
1586 2 3172 3173
1587 2 3174 3175
1588 2 3176 3177
1589 2 3178 3179
1590 2 3180 3181
1591 2 3182 3183
1592 2 3184 3185
1593 2 3186 3187
1594 2 3188 3189
1595 2 3190 3191
1596 2 3192 3193
1597 2 3194 3195
1598 2 3196 3197
1599 2 3198 3199
1600 2 3200 3201
1601 2 3202 3203
1602 2 3204 3205
1603 2 3206 3207
1604 2 3208 3209
1605 2 3210 3211
1606 2 3212 3213
1607 2 3214 3215
1608 2 3216 3217
1609 2 3218 3219
1610 2 3220 3221
1611 2 3222 3223
1612 2 3224 3225
1613 2 3226 3227
1614 2 3228 3229
1615 2 3230 3231
1616 2 3232 3233
1617 2 3234 3235
1618 2 3236 3237
1619 2 3238 3239
1620 2 3240 3241
1621 2 3242 3243
1622 2 3244 3245
1623 2 3246 3247
1624 2 3248 3249
1625 2 3250 3251
1626 2 3252 3253
1627 2 3254 3255
1628 2 3256 3257
1629 2 3258 3259
1630 2 3260 3261
1631 2 3262 3263
1632 2 3264 3265
1633 2 3266 3267
1634 2 3268 3269
1635 2 3270 3271
1636 2 3272 3273
1637 2 3274 3275
1638 2 3276 3277
1639 2 3278 3279
1640 2 3280 3281
1641 2 3282 3283
1642 2 3284 3285
1643 2 3286 3287
1644 2 3288 3289
1645 2 3290 3291
1646 2 3292 3293
1647 2 3294 3295
1648 2 3296 3297
1649 2 3298 3299
1650 2 3300 3301
1651 2 3302 3303
1652 2 3304 3305
1653 2 3306 3307
1654 2 3308 3309
1655 2 3310 3311
1656 2 3312 3313
1657 2 3314 3315
1658 2 3316 3317
1659 2 3318 3319
1660 2 3320 3321
1661 2 3322 3323
1662 2 3324 3325
1663 2 3326 3327
1664 2 3328 3329
1665 2 3330 3331
1666 2 3332 3333
1667 2 3334 3335
1668 2 3336 3337
1669 2 3338 3339
1670 2 3340 3341
1671 2 3342 3343
1672 2 3344 3345
1673 2 3346 3347
1674 2 3348 3349
1675 2 3350 3351
1676 2 3352 3353
1677 2 3354 3355
1678 2 3356 3357
1679 2 3358 3359
1680 2 3360 3361
1681 2 3362 3363
1682 2 3364 3365
1683 2 3366 3367
1684 2 3368 3369
1685 2 3370 3371
1686 2 3372 3373
1687 2 3374 3375
1688 2 3376 3377
1689 2 3378 3379
1690 2 3380 3381
1691 2 3382 3383
1692 2 3384 3385
1693 2 3386 3387
1694 2 3388 3389
1695 2 3390 3391
1696 2 3392 3393
1697 2 3394 3395
1698 2 3396 3397
1699 2 3398 3399
1700 2 3400 3401
1701 2 3402 3403
1702 2 3404 3405
1703 2 3406 3407
1704 2 3408 3409
1705 2 3410 3411
1706 2 3412 3413
1707 2 3414 3415
1708 2 3416 3417
1709 2 3418 3419
1710 2 3420 3421
1711 2 3422 3423
1712 2 3424 3425
1713 2 3426 3427
1714 2 3428 3429
1715 2 3430 3431
1716 2 3432 3433
1717 2 3434 3435
1718 2 3436 3437
1719 2 3438 3439
1720 2 3440 3441
1721 2 3442 3443
1722 2 3444 3445
1723 2 3446 3447
1724 2 3448 3449
1725 2 3450 3451
1726 2 3452 3453
1727 2 3454 3455
1728 2 3456 3457
1729 2 3458 3459
1730 2 3460 3461
1731 2 3462 3463
1732 2 3464 3465
1733 2 3466 3467
1734 2 3468 3469
1735 2 3470 3471
1736 2 3472 3473
1737 2 3474 3475
1738 2 3476 3477
1739 2 3478 3479
1740 2 3480 3481
1741 2 3482 3483
1742 2 3484 3485
1743 2 3486 3487
1744 2 3488 3489
1745 2 3490 3491
1746 2 3492 3493
1747 2 3494 3495
1748 2 3496 3497
1749 2 3498 3499
1750 2 3500 3501
1751 2 3502 3503
1752 2 3504 3505
1753 2 3506 3507
1754 2 3508 3509
1755 2 3510 3511
1756 2 3512 3513
1757 2 3514 3515
1758 2 3516 3517
1759 2 3518 3519
1760 2 3520 3521
1761 2 3522 3523
1762 2 3524 3525
1763 2 3526 3527
1764 2 3528 3529
1765 2 3530 3531
1766 2 3532 3533
1767 2 3534 3535
1768 2 3536 3537
1769 2 3538 3539
1770 2 3540 3541
1771 2 3542 3543
1772 2 3544 3545
1773 2 3546 3547
1774 2 3548 3549
1775 2 3550 3551
1776 2 3552 3553
1777 2 3554 3555
1778 2 3556 3557
1779 2 3558 3559
1780 2 3560 3561
1781 2 3562 3563
1782 2 3564 3565
1783 2 3566 3567
1784 2 3568 3569
1785 2 3570 3571
1786 2 3572 3573
1787 2 3574 3575
1788 2 3576 3577
1789 2 3578 3579
1790 2 3580 3581
1791 2 3582 3583
1792 2 3584 3585
1793 2 3586 3587
1794 2 3588 3589
1795 2 3590 3591
1796 2 3592 3593
1797 2 3594 3595
1798 2 3596 3597
1799 2 3598 3599
1800 2 3600 3601
1801 2 3602 3603
1802 2 3604 3605
1803 2 3606 3607
1804 2 3608 3609
1805 2 3610 3611
1806 2 3612 3613
1807 2 3614 3615
1808 2 3616 3617
1809 2 3618 3619
1810 2 3620 3621
1811 2 3622 3623
1812 2 3624 3625
1813 2 3626 3627
1814 2 3628 3629
1815 2 3630 3631
1816 2 3632 3633
1817 2 3634 3635
1818 2 3636 3637
1819 2 3638 3639
1820 2 3640 3641
1821 2 3642 3643
1822 2 3644 3645
1823 2 3646 3647
1824 2 3648 3649
1825 2 3650 3651
1826 2 3652 3653
1827 2 3654 3655
1828 2 3656 3657
1829 2 3658 3659
1830 2 3660 3661
1831 2 3662 3663
1832 2 3664 3665
1833 2 3666 3667
1834 2 3668 3669
1835 2 3670 3671
1836 2 3672 3673
1837 2 3674 3675
1838 2 3676 3677
1839 2 3678 3679
1840 2 3680 3681
1841 2 3682 3683
1842 2 3684 3685
1843 2 3686 3687
1844 2 3688 3689
1845 2 3690 3691
1846 2 3692 3693
1847 2 3694 3695
1848 2 3696 3697
1849 2 3698 3699
1850 2 3700 3701
1851 2 3702 3703
1852 2 3704 3705
1853 2 3706 3707
1854 2 3708 3709
1855 2 3710 3711
1856 2 3712 3713
1857 2 3714 3715
1858 2 3716 3717
1859 2 3718 3719
1860 2 3720 3721
1861 2 3722 3723
1862 2 3724 3725
1863 2 3726 3727
1864 2 3728 3729
1865 2 3730 3731
1866 2 3732 3733
1867 2 3734 3735
1868 2 3736 3737
1869 2 3738 3739
1870 2 3740 3741
1871 2 3742 3743
1872 2 3744 3745
1873 2 3746 3747
1874 2 3748 3749
1875 2 3750 3751
1876 2 3752 3753
1877 2 3754 3755
1878 2 3756 3757
1879 2 3758 3759
1880 2 3760 3761
1881 2 3762 3763
1882 2 3764 3765
1883 2 3766 3767
1884 2 3768 3769
1885 2 3770 3771
1886 2 3772 3773
1887 2 3774 3775
1888 2 3776 3777
1889 2 3778 3779
1890 2 3780 3781
1891 2 3782 3783
1892 2 3784 3785
1893 2 3786 3787
1894 2 3788 3789
1895 2 3790 3791
1896 2 3792 3793
1897 2 3794 3795
1898 2 3796 3797
1899 2 3798 3799
1900 2 3800 3801
1901 2 3802 3803
1902 2 3804 3805
1903 2 3806 3807
1904 2 3808 3809
1905 2 3810 3811
1906 2 3812 3813
1907 2 3814 3815
1908 2 3816 3817
1909 2 3818 3819
1910 2 3820 3821
1911 2 3822 3823
1912 2 3824 3825
1913 2 3826 3827
1914 2 3828 3829
1915 2 3830 3831
1916 2 3832 3833
1917 2 3834 3835
1918 2 3836 3837
1919 2 3838 3839
1920 2 3840 3841
1921 2 3842 3843
1922 2 3844 3845
1923 2 3846 3847
1924 2 3848 3849
1925 2 3850 3851
1926 2 3852 3853
1927 2 3854 3855
1928 2 3856 3857
1929 2 3858 3859
1930 2 3860 3861
1931 2 3862 3863
1932 2 3864 3865
1933 2 3866 3867
1934 2 3868 3869
1935 2 3870 3871
1936 2 3872 3873
1937 2 3874 3875
1938 2 3876 3877
1939 2 3878 3879
1940 2 3880 3881
1941 2 3882 3883
1942 2 3884 3885
1943 2 3886 3887
1944 2 3888 3889
1945 2 3890 3891
1946 2 3892 3893
1947 2 3894 3895
1948 2 3896 3897
1949 2 3898 3899
1950 2 3900 3901
1951 2 3902 3903
1952 2 3904 3905
1953 2 3906 3907
1954 2 3908 3909
1955 2 3910 3911
1956 2 3912 3913
1957 2 3914 3915
1958 2 3916 3917
1959 2 3918 3919
1960 2 3920 3921
1961 2 3922 3923
1962 2 3924 3925
1963 2 3926 3927
1964 2 3928 3929
1965 2 3930 3931
1966 2 3932 3933
1967 2 3934 3935
1968 2 3936 3937
1969 2 3938 3939
1970 2 3940 3941
1971 2 3942 3943
1972 2 3944 3945
1973 2 3946 3947
1974 2 3948 3949
1975 2 3950 3951
1976 2 3952 3953
1977 2 3954 3955
1978 2 3956 3957
1979 2 3958 3959
1980 2 3960 3961
1981 2 3962 3963
1982 2 3964 3965
1983 2 3966 3967
1984 2 3968 3969
1985 2 3970 3971
1986 2 3972 3973
1987 2 3974 3975
1988 2 3976 3977
1989 2 3978 3979
1990 2 3980 3981
1991 2 3982 3983
1992 2 3984 3985
1993 2 3986 3987
1994 2 3988 3989
1995 2 3990 3991
1996 2 3992 3993
1997 2 3994 3995
1998 2 3996 3997
1999 2 3998 3999
2000 2 4000 4001